3.643
3.153
3.638
3.534
3.516
3.391
2.85
3.357
3.258
3.452
3.025
3.552
2.594
2.594
3.243
2.932
3.427
2.194
3.18
3.144
3.286
3.333
3.426
No Rating Found
3.914
2.919
No Rating Found
3.365
No Rating Found
3.623
3.765
3.2
3.373
3.286
3.439
3.012
3.463
3.471
3.306
3.609
No Rating Found
3.152
3.642
3.753
3.585
3.363
3.447
3.611
3.277
3.432
No Rating Found
No Rating Found
No Rating Found
3.76
3.513
3.454
3.71
No Rating Found
3.666
3.722
3.795
3.931
No Rating Found
3.275
3.508
3.508
3.726
3.608
3.531
3.577
3.339
No Rating Found
3.275
3.534
3.452
3.752
3.703
3.487
No Rating Found
3.667
2.634
3.669
3.238
No Rating Found
No Rating Found
No Rating Found
3.525
3.271
3.51
No Rating Found
3.585
3.513
2.968
3.916
3.664
3.407
3.15
3.439
No Rating Found
3.496
3.371
3.24
3.39
3.254
3.219
3.923
3.254
3.285
2.994
2.994
3.177
3.354
3.177
3.177
3.394
3.303
3.2
No Rating Found
3.05
3.47
3.145
3.145
No Rating Found
No Rating Found
3.388
3.271
3.598
3.271
3.216
3.386
4.599
4.689
4.582
4.641
3.433
3.433
2.813
2.898
3.697
4.047
3.869
No Rating Found
3.1
3.207
3.53
3.505
3.6
No Rating Found
No Rating Found
3.326
No Rating Found
3.773
3.213
3.803
3.569
3.35
3.431
3.58
3.683
3.643
3.687
3.619
3.488
3.49
3.405
3.349
No Rating Found
No Rating Found
No Rating Found
3.489
3.508
3.396
3.38
No Rating Found
3.492
2.436
2.567
3.323
3.462
2.489
3.415
No Rating Found
3.18
3.291
3.414
2.844
3.561
3.123
3.564
3.462
3.462
3.188
3.491
No Rating Found
3.425
3.304
3.412
3.447
No Rating Found
No Rating Found
3.313
3.578
3.196
3.635
2.99
3.181
3.199
3.116
3.27
3.358
2.971
2.683
3.199
3.847
3.209
3.125
3.664
3.23
2.688
3.2
3.591
3.062
3.342
3.036
3.393
3.477
3.377
3.519
3.808
3.276
3.255
3.369
3.31
3.623
3.611
3.732
3.601
No Rating Found
3.469
3.469
3.311
3.425
3.331
No Rating Found
No Rating Found
3.15
3.373
No Rating Found
3.85
3.286
3.279
3.18
3.558
3.019
3.304
3.412
3.57
3.456
3.798
4.185
4.073
4.153
4.073
4.363
4.043
4.351
4.189
3.212
3.94
4.181
4.103
4.173
4.218
4.268
4.269
4.247
4.227
4.172
4.223
4.13
4.235
No Rating Found
4.139
3.753
4.021
4.004
3.584
3.386
3.277
3.457
3.547
3.391
No Rating Found
3.405
3.072
4.287
3.706
3.373
3.349
3.35
3.42
No Rating Found
3.04
2.765
4.042
3.242
3.562
3.301
2.933
3.299
3.082
3.293
3.723
3.723
3.29
No Rating Found
3.381
3.416
3.662
3.234
3.606
3.62
3.441
3.533
3.408
2.967
3.003
3.486
3.403
No Rating Found
3.486
No Rating Found
3.121
3.223
3.312
No Rating Found
3.441
3.127
3.032
2.701
3.338
No Rating Found
3.486
3.605
3.605
2.916
3.312
3.414
3.301
2.654
3.239
3.662
3.547
3.506
3.803
3.824
3.373
3.392
3.467
No Rating Found
3.415
2.86
3.254
3.707
3.375
3.572
3.563
3.521
2.388
3.661
No Rating Found
3.381
2.987
3.395
No Rating Found
3.502
3.623
3.268
3.369
3.522
3.362
3.509
No Rating Found
3.699
3.406
3.58
3.389
No Rating Found
No Rating Found
3.352
3.409
3.672
3.534
3.314
3.549
3.694
No Rating Found
3.306
No Rating Found
2.931
3.088
3.166
3.533
No Rating Found
3.138
No Rating Found
3.178
3.015
2.942
3.547
3.488
3.503
3.229
3.461
3.291
3.283
3.329
3.445
3.292
3.199
3.488
3.618
3.618
3.621
3.621
3.724
3.85
4.467
3.944
3.944
3.513
3.21
2.99
3.089
No Rating Found
3.269
3.629
4.184
2.935
3.643
3.58
3.58
2.728
3.32
3.204
3.937
3.573
3.05
3.747
3.414
3.301
3.082
No Rating Found
3.062
3.564
3.532
3.238
3.632
4.369
3.535
3.51
3.163
3.739
3.187
3.44
3.271
3.562
3.05
2.786
3.562
2.859
3.298
2.907
3.474
3.276
2.783
3.15
2.876
2.786
2.648
2.648
3.539
3.539
3.526
3.902
3.673
3.554
3.728
No Rating Found
3.732
3.732
4.014
3.323
3.477
3.674
3.416
3.277
3.769
No Rating Found
3.436
No Rating Found
No Rating Found
3.345
No Rating Found
3.431
3.1
No Rating Found
No Rating Found
3.602
No Rating Found
3.12
3.74
2.963
3.139
3.482
2.985
3.612
3.631
3.631
3.484
3.681
3.497
3.702
3.41
3.631
3.39
3.81
3.578
3.048
3.67
No Rating Found
3.294
3.47
3.394
3.361
3.758
3.039
3.169
3.494
3.516
3.657
No Rating Found
No Rating Found
3.299
3.398
3.398
3.436
No Rating Found
3.317
No Rating Found
3.816
3.935
3.496
3.929
3.468
3.581
4.162
3.889
3.812
3.173
3.527
3.68
No Rating Found
No Rating Found
3.62
3.62
3.312
3.908
3.437
No Rating Found
4.087
3.292
3.378
3.735
3.819
No Rating Found
No Rating Found
4.261
3.717
3.462
No Rating Found
3.827
2.959
3.174
3.629
4.116
3.339
3.266
3.293
3.363
3.498
3.352
3.359
3.535
No Rating Found
3.174
3.642
3.642
3.383
3.46
3.916
3.584
No Rating Found
No Rating Found
3.495
3.311
2.945
No Rating Found
No Rating Found
No Rating Found
3.623
3.768
3.854
3.763
3.582
3.749
2.971
3.401
3.462
3.358
3.263
3.247
3.368
3.307
3.321
3.306
3.741
2.846
3.438
3.058
3.536
3.885
3.544
3.381
3.408
3.283
3.301
3.28
2.859
3.67
3.42
3.29
3.29
3.023
3.371
3.243
3.674
3.084
2.879
3.77
3.159
3.479
3.609
3.588
3.446
No Rating Found
No Rating Found
No Rating Found
3.083
3.653
3.304
3.291
3.493
2.972
3.38
3.119
No Rating Found
2.633
3.53
3.305
3.232
3.309
3.025
3.288
3.347
3.11
3.664
3.48
3.298
3.749
3.723
3.477
3.687
3.612
3.63
3.63
2.102
3.282
3.487
3.418
2.982
3.435
3.42
No Rating Found
No Rating Found
3.465
3.465
3.442
3.74
3.389
3.694
3.811
3.846
3.453
3.343
3.343
3.347
3.455
3.554
No Rating Found
3.432
3.46
3.085
3.854
3.079
3.1
3.732
4.099
2.963
No Rating Found
3.686
3.271
3.207
2.95
3.013
3.508
4.095
3.767
3.458
No Rating Found
3.139
3.188
3.472
No Rating Found
3.753
No Rating Found
3.398
3.159
3.159
3.727
4.264
3.515
4.098
3.738
3.322
3.566
3.58
3.34
4.455
2.963
3.279
3.231
3.425
3.459
No Rating Found
2.523
2.361
No Rating Found
3.255
3.136
2.781
3.243
3.542
3.315
3.982
2.924
3.518
3.348
3.3
3.427
3.192
3.3
3.315
3.176
3.101
3.27
3.2
No Rating Found
3.229
3.309
3.18
3.355
3.128
3.195
3.493
3.338
3.82
3.928
3.837
3.505
3.521
2.908
3.377
3.544
3.599
3.769
No Rating Found
3.561
3.242
3.047
3.808
4.098
3.178
2.847
2.847
No Rating Found
3.41
3.345
3.03
3.647
3.647
3.397
3.247
3.396
3.499
3.241
3.679
3.486
3.462
3.553
3.347
3.407
4.184
3.488
No Rating Found
3.412
3.735
3.8
3.209
No Rating Found
3.319
2.806
3.442
2.018
No Rating Found
3.491
3.491
3.491
2.999
3.524
3.524
2.693
3.144
3.387
1.777
2.783
2.916
3.09
2.704
3.067
3.39
2.891
No Rating Found
3.179
3.407
2.753
3.79
3.55
3.612
3.736
3.923
4.055
4.003
3.75
3.593
3.821
2.967
3.482
3.239
3.25
3.583
3.958
3.704
3.25
3.299
3.363
3.074
No Rating Found
3.501
3.631
3.585
3.575
3.585
3.637
3.635
3.442
3.327
3.352
3.057
2.886
2.715
2.998
No Rating Found
No Rating Found
3.447
3.335
3.328
3.386
3.521
3.286
3.445
No Rating Found
3.773
3.887
3.825
3.615
3.35
3.049
3.197
3.197
No Rating Found
3.4
3.703
3.8
3.501
No Rating Found
No Rating Found
3.484
3.31
3.518
3.299
No Rating Found
3.079
No Rating Found
No Rating Found
3.579
3.382
3.396
3.382
3.331
3.537
3.454
3.505
3.583
3.425
3.974
3.118
3.275
3.265
3.104
2.909
3.148
3.533
2.723
2.661
2.822
3.649
3.072
3.426
3.495
3.141
3.376
3.258
3.398
3.36
No Rating Found
3.313
3.2
3.304
3.294
No Rating Found
3.094
2.562
3.458
3.455
3.791
3.535
3.496
4.302
3.438
3.354
3.349
3.306
3.614
3.649
3.521
3.37
3.37
4.21
3.32
3.416
3.384
3.674
3.113
3.139
3.188
3.692
3.692
3.429
3.495
3.46
3.267
3.294
3.53
3.607
No Rating Found
4.256
3.517
2.451
No Rating Found
3.044
3.044
3.729
3.559
3.069
3.64
3.004
3.351
3.426
3.434
3.316
3.285
3.213
3.329
3.431
2.885
3.275
3.383
No Rating Found
3.249
2.545
3.383
3.471
3.148
3.052
2.965
3.29
4.483
3.487
1.997
2.524
3.244
2.602
1.934
3.106
3.106
3.371
3.258
3.358
3.411
3.092
2.947
2.798
3.298
3.197
3.389
3.452
3.403
No Rating Found
3.527
3.254
3.248
3.105
3.453
3.527
2.662
3.059
3.529
3.812
3.636
3.31
3.579
3.634
3.519
3.636
No Rating Found
3.907
No Rating Found
2.734
No Rating Found
3.235
3.277
3.43
3.267
3.484
3.293
3.354
3.526
3.424
3.526
3.504
3.195
3.245
3.299
3.009
3.418
3.955
3.741
3.365
2.929
3.496
3.417
2.709
3.668
3.166
2.5
3.187
3.416
No Rating Found
3.623
No Rating Found
3.339
2.918
3.527
3.56
3.445
3.059
3.192
3.918
No Rating Found
3.71
No Rating Found
3.297
3.209
3.536
3.24
4.037
3.517
3.379
3.266
3.433
3.529
4.264
3.932
2.712
2.929
3.673
3.476
3.564
3.841
2.822
3.544
3.544
3.476
3.208
No Rating Found
No Rating Found
2.808
3.492
3.203
3.202
3.119
3.264
3.082
No Rating Found
No Rating Found
3.466
3.287
3.29
No Rating Found
3.402
3.407
3.466
3.762
3.202
3.143
3.059
3.271
No Rating Found
No Rating Found
2.739
No Rating Found
3.208
2.857
No Rating Found
3.82
No Rating Found
3.353
3.642
3.182
3.209
3.796
3.385
3.434
3.246
3.408
3.58
2.808
3.252
3.571
No Rating Found
No Rating Found
3.255
3.204
No Rating Found
3.167
3.167
3.389
3.148
No Rating Found
No Rating Found
No Rating Found
No Rating Found
3.035
3.443
3.437
3.401
3.731
3.607
3.515
No Rating Found
3.242
3.542
3.289
No Rating Found
No Rating Found
3.223
No Rating Found
3.316
3.316
3.224
2.977
3.298
3.513
3.451
3.514
3.521
3.695
3.699
2.756
No Rating Found
No Rating Found
3.111
2.989
3.392
3.436
3.413
3.453
3.257
3.32
2.901
3.8
3.371
2.754
No Rating Found
No Rating Found
2.833
3.368
3.561
3.357
3.071
2.911
3.476
3.584
3.541
3.141
No Rating Found
No Rating Found
3.202
3.535
3.659
3.659
3.48
3.492
3.497
3.629
3.178
3.647
3.675
3.64
2.96
2.879
2.773
2.962
3.038
No Rating Found
3.492
4.273
No Rating Found
No Rating Found
3.042
3.262
3.25
3.441
3.34
3.455
3.359
No Rating Found
No Rating Found
3.653
3.385
3.695
3.415
No Rating Found
3.693
No Rating Found
3.949
3.695
3.461
3.432
No Rating Found
No Rating Found
3.266
3.469
3.443
3.485
3.37
3.769
3.564
3.573
2.975
3.453
3.185
3.656
3.058
3.405
No Rating Found
No Rating Found
3.394
No Rating Found
3.248
3.382
3.399
No Rating Found
3.4
3.277
3.236
3.527
4.521
3.53
3.309
No Rating Found
No Rating Found
2.705
No Rating Found
No Rating Found
No Rating Found
3.675
3.675
3.449
3.327
3.561
3.561
3.602
3.487
3.59
3.542
3.539
3.625
3.18
3.117
No Rating Found
3.672
3.558
3.223
3.496
3.491
No Rating Found
2.5
1.73
2.869
3.155
No Rating Found
3.316
3.515
3.682
3.818
3.762
3.924
3.777
3.406
1.953
4.256
3.457
3.074
3.557
3.127
3.315
3.519
3.614
3.519
3.614
3.721
3.385
3.488
3.492
3.306
3.176
2.673
3.545
3.319
3.266
3.429
No Rating Found
3.642
3.462
3.205
No Rating Found
No Rating Found
4.143
No Rating Found
No Rating Found
3.52
3.84
No Rating Found
3.627
3.6
3.668
3.359
No Rating Found
3.357
No Rating Found
No Rating Found
3.271
No Rating Found
3.396
3.477
3.567
3.542
3.612
3.301
3.526
3.028
3.09
3.231
2.872
2.868
2.467
3.28
3.331
3.497
3.192
3.499
No Rating Found
3.316
3.752
3.134
3.601
3.321
3.27
3.496
3.27
3.496
3.331
3.428
3.671
3.321
3.562
No Rating Found
3.442
3.451
No Rating Found
3.4
3.301
No Rating Found
3.276
2.62
3.338
2.735
3.487
3.175
3.198
No Rating Found
3.608
3.351
3.322
3.522
3.654
3.384
3.296
2.506
3.487
3.487
3.115
3.115
3.115
3.115
3.245
No Rating Found
No Rating Found
3.444
3.523
2.979
3.514
3.615
3.523
3.656
3.043
3.304
3.319
3.389
3.287
No Rating Found
2.931
3.661
2.648
3.139
3.223
3.404
3.626
3.558
3.707
3.483
3.344
3.295
3.396
3.591
3.224
3.258
3.285
3.569
3.524
3.294
3.114
3.29
3.284
3.385
3.701
3.713
4.152
3.49
No Rating Found
3.6
3.481
3.698
3.343
3.49
2.98
3.417
3.098
No Rating Found
3.687
3.409
3.702
2.822
No Rating Found
3.132
No Rating Found
3.334
3.321
No Rating Found
3.13
4.065
4.445
No Rating Found
3.159
3.429
3.385
3.381
4.059
3.773
3.981
4.006
3.179
4.189
3.657
4.126
3.972
3.797
3.861
4.169
3.518
3.841
No Rating Found
2.734
3.186
3.77
3.322
3.369
3.274
3.438
3.357
3.243
2.147
3.342
3.342
2.147
3.474
3.115
3.357
No Rating Found
3.93
3.968
4.205
4.047
4.05
4.103
3.609
No Rating Found
3.218
3.251
3.123
3.123
No Rating Found
3.5
3.37
3.25
3.5
3.338
3.541
3.355
3.542
3.238
No Rating Found
No Rating Found
3.604
3.346
3.503
3.503
3.767
2.921
2.717
3.36
3.187
3.701
3.615
2.675
3.4
3.521
3.428
3.435
No Rating Found
No Rating Found
3.453
No Rating Found
3.586
3.606
3.492
3.327
3.461
3.431
3.124
3.517
3.817
3.309
1.887
No Rating Found
No Rating Found
2.191
2.24
3.654
3.176
3.192
No Rating Found
No Rating Found
3.459
3.249
3.01
3.383
3.679
3.538
2.728
3.37
3.608
3.752
3.729
3.079
2.714
3.106
2.714
2.97
3.538
2.913
3.383
3.56
3.357
No Rating Found
3.351
3.438
3.494
3.389
3.555
3.283
No Rating Found
3.455
3.26
3.338
3.739
3.42
2.709
2.875
3.402
2.289
3.467
3.924
3.186
3.393
3.144
4.093
3.245
3.45
3.321
3.538
No Rating Found
3.444
3.264
3.474
3.575
2.843
3.404
3.452
3.47
3.312
No Rating Found
3.468
3.444
3.469
3.182
3.191
3.293
No Rating Found
3.579
3.571
3.456
2.983
3.434
3.54
No Rating Found
3.447
3.479
3.172
3.34
2.967
3.233
2.304
3.2
2.699
3.245
No Rating Found
3.922
3.714
No Rating Found
3.848
4.06
3.5
3.545
3.5
No Rating Found
3.743
3.962
4.154
3.653
3.305
4.2
3.522
3.52
3.416
2.886
3.185
No Rating Found
No Rating Found
3.292
3.557
3.312
3.278
No Rating Found
3.268
4.277
2.749
3.229
3.29
3.425
3.431
3.808
3.459
3.185
No Rating Found
3.537
3.439
No Rating Found
3.588
3.947
4.436
3.177
3.362
3.124
3.566
3.207
3.919
3.361
3.411
3.467
3.38
3.446
3.721
3.623
3.74
3.286
3.691
No Rating Found
3.674
3.789
3.551
3.295
3.828
3.313
2.987
3.046
3.334
2.534
2.876
2.939
No Rating Found
3.402
3.428
3.374
3.213
3.533
4.399
3.347
3.032
3.212
2.688
2.673
3.266
3.541
3.265
No Rating Found
3.6
3.181
3.526
3.526
3.274
3.308
3.525
3.418
3.264
No Rating Found
3.23
3.169
3.203
3.206
3.22
3.645
No Rating Found
3.646
2.915
2.915
3.481
3.251
No Rating Found
No Rating Found
3.877
3.415
3.471
3.521
3.41
3.519
3.316
3.416
3.401
3.519
3.392
3.443
3.271
3.417
No Rating Found
3.149
3.554
3.465
3.173
3.34
3.44
3.151
2.759
2.762
3.039
3.411
3.411
3.668
3.668
3.08
3.288
3.668
3.491
No Rating Found
3.42
No Rating Found
3.35
No Rating Found
2.672
No Rating Found
2.619
3.142
3.66
3.416
2.957
3.588
2.536
No Rating Found
3.371
2.864
3.236
3.136
2.75
4.004
3.862
3.437
3.549
3.703
3.757
3.584
No Rating Found
No Rating Found
No Rating Found
No Rating Found
No Rating Found
3.486
3.514
3.715
3.658
3.475
No Rating Found
No Rating Found
3.478
3.478
3.478
3.48
3.304
3.737
No Rating Found
3.713
3.713
3.495
3.448
3.481
3.27
3.737
3.495
3.448
3.365
3.324
3.262
3.47
3.578
3.549
3.652
3.406
3.334
3.493
3.372
3.167
3.457
3.27
3.446
2.765
3.916
3.223
No Rating Found
No Rating Found
2.714
2.959
3.174
3.497
3.366
3.672
3.889
4.184
3.699
3.608
3.911
3.486
3.373
3.35
3.035
3.157
3.298
3.864
3.234
3.377
2.963
3.409
3.452
3.031
3.278
2.975
3.458
3.462
No Rating Found
No Rating Found
3.435
3.297
3.449
3.202
3.059
3.271
3.11
3.476
3.525
3.601
No Rating Found
3.185
3.042
3.452
2.41
3.139
2.688
2.688
3.382
No Rating Found
3.847
3.082
3.872
3.522
No Rating Found
3.55
2.429
3.841
3.4
3.618
3.104
No Rating Found
3.609
No Rating Found
3.382
No Rating Found
No Rating Found
3.33
3.457
3.056
No Rating Found
3.348
2.941
3.396
3.396
3.56
3.5
3.48
3.495
3.609
3.547
3.859
3.467
3.467
3.467
3.486
3.13
3.696
3.496
3.443
3.354
3.421
3.477
3.797
3.729
3.484
3.546
2.919
3.16
3.234
3.403
3.095
3.228
3.776
3.509
3.439
3.404
3.644
3.444
2.973
3.394
3.379
3.155
3.593
3.503
3.534
3.456
3.312
1.832
No Rating Found
3.65
2.679
No Rating Found
2.441
2.817
2.653
2.954
3.115
3.331
3.369
3.38
3.381
3.159
3.471
2.975
3.249
3.675
3.99
3.451
3.475
3.494
4.085
3.48
3.552
3.414
3.421
3.359
3.478
3.641
3.685
3.552
3.268
3.248
3.435
3.741
3.732
3.267
3.251
3.473
3.465
3.401
3.793
3.262
3.391
No Rating Found
2.877
3.167
2.401
2.725
2.946
2.641
3.238
3.524
3.349
No Rating Found
3.577
3.253
3.581
3.748
3.365
3.473
3.488
3.69
3.473
3.417
3.307
3.198
3.448
3.498
3.552
3.789
3.672
3.672
3.672
3.456
3.461
3.39
3.478
3.465
3.664
3.29
3.29
3.196
3.235
3.07
4.158
3.271
3.511
3.491
3.087
3.488
3.293
3.481
4.026
3.55
3.488
3.293
3.548
3.145
3.538
3.245
No Rating Found
No Rating Found
No Rating Found
No Rating Found
No Rating Found
3.227
3.109
2.938
3.494
3.437
4.44
3.376
3.196
3.403
3.352
3.64
3.46
3.344
3.401
3.375
3.493
3.508
3.066
3.203
3.038
3.491
3.742
3.291
3.423
3.395
3.344
3.179
3.536
No Rating Found
3.277
3.193
3.509
No Rating Found
No Rating Found
3.188
3.263
3.495
3.483
3.495
3.332
3.757
3.154
3.452
3.503
3.694
3.816
3.456
3.31
3.466
4.019
No Rating Found
No Rating Found
No Rating Found
3.426
3.373
3.349
2.852
3.481
3.292
2.908
3.377
3.477
3.402
3.596
3.174
No Rating Found
3.734
3.377
3.383
3.552
4.009
No Rating Found
3.183
3.35
3.355
3.355
3.373
3.337
3.416
3.484
3.462
2.855
3.045
3.124
3.374
3.42
3.224
3.724
3.529
3.481
3.557
3.644
3.633
3.54
3.535
3.057
4.415
3.63
3.497
3.204
3.405
3.431
No Rating Found
3.582
3.728
3.472
3.646
2.358
2.989
3.021
3.327
3.127
3.659
No Rating Found
No Rating Found
3.25
3.318
3.414
3.684
3.471
3.388
3.397
2.784
2.784
3.129
No Rating Found
No Rating Found
3.266
3.369
3.436
3.362
No Rating Found
3.411
3.324
3.263
3.263
3.08
3.464
3.594
3.594
3.531
3.386
3.688
3.406
3.443
No Rating Found
